0-4
0.00
0.00
0.00
0.00
0.05
0.57
0.93
0.15
0.20
0.09
0.09
0.21
0.14
0.02
0.06
0.00
5-9
0.04
0.07
0.05
0.01
0.04
0.08
0.77
0.71
0.30
0.05
0.05
0.16
0.13
0.12
0.05
0.00
10-14
0.03
0.03
0.07
0.00
0.00
0.00
0.14
0.48
0.86
0.34
0.10
0.06
0.11
0.11
0.00
0.00
15-19
0.01
0.00
0.07
0.16
0.07
0.03
0.02
0.11
0.54
0.66
0.23
0.06
0.02
0.02
0.00
0.01
20-24
0.06
0.04
0.03
0.13
0.17
0.14
0.05
0.03
0.27
0.74
0.18
0.09
0.05
0.05
0.00
0.05
25-29
0.20
0.11
0.02
0.01
0.12
0.21
0.19
0.06
0.09
0.16
0.44
0.21
0.04
0.02
0.00
0.07
30-34
0.21
0.47
0.07
0.06
0.07
0.08
0.51
0.25
0.05
0.13
0.19
0.23
0.13
0.03
0.00
0.04
35-39
0.18
0.40
0.13
0.03
0.06
0.08
0.22
0.30
0.22
0.03
0.00
0.10
0.28
0.20
0.03
0.00
40-44
0.09
0.20
0.38
0.19
0.02
0.01
0.06
0.16
0.40
0.26
0.01
0.01
0.09
0.14
0.10
0.04
45-49
0.06
0.09
0.21
0.09
0.25
0.10
0.06
0.06
0.23
0.46
0.12
0.12
0.05
0.19
0.20
0.03
50-54
0.05
0.07
0.08
0.16
0.23
0.17
0.11
0.06
0.04
0.21
0.47
0.20
0.00
0.01
0.05
0.10
55-59
0.05
0.00
0.04
0.04
0.04
0.09
0.17
0.08
0.00
0.18
0.15
0.82
0.17
0.12
0.00
0.09
60-64
0.02
0.06
0.04
0.00
0.03
0.11
0.20
0.13
0.08
0.01
0.05
0.32
0.37
0.19
0.00
0.05
65-69
0.00
0.00
0.04
0.04
0.00
0.00
0.10
0.13
0.08
0.09
0.00
0.00
0.31
0.35
0.09
0.09
70-74
0.02
0.07
0.09
0.03
0.11
0.06
0.18
0.15
0.16
0.39
0.12
0.11
0.03
0.29
0.25
0.01
75+
0.05
0.03
0.00
0.11
0.05
0.27
0.16
0.12
0.13
0.40
0.58
0.41
0.14
0.05
0.20
0.07