0-4
0.08
0.03
0.00
0.00
0.04
0.60
0.92
0.15
0.21
0.09
0.08
0.14
0.18
0.04
0.07
0.00
5-9
0.04
0.04
0.05
0.01
0.05
0.08
0.72
0.67
0.34
0.05
0.02
0.16
0.09
0.12
0.06
0.00
10-14
0.04
0.03
0.09
0.00
0.00
0.03
0.14
0.48
0.87
0.30
0.10
0.08
0.10
0.03
0.00
0.00
15-19
0.00
0.00
0.05
0.06
0.06
0.04
0.07
0.16
0.52
0.57
0.18
0.05
0.03
0.02
0.00
0.01
20-24
0.06
0.03
0.05
0.15
0.10
0.10
0.07
0.03
0.36
0.70
0.10
0.06
0.05
0.05
0.00
0.04
25-29
0.17
0.11
0.01
0.01
0.11
0.38
0.41
0.21
0.22
0.20
0.34
0.19
0.04
0.02
0.00
0.03
30-34
0.24
0.43
0.04
0.02
0.03
0.11
0.47
0.30
0.06
0.01
0.06
0.09
0.10
0.03
0.00
0.00
35-39
0.23
0.33
0.12
0.04
0.18
0.18
0.51
0.56
1.46
1.20
0.01
0.05
0.17
0.20
0.05
0.00
40-44
0.09
0.17
0.39
0.20
0.04
0.03
0.18
0.21
0.57
0.30
0.03
0.02
0.12
0.09
0.09
0.04
45-49
0.02
0.05
0.15
0.12
0.28
0.09
0.02
0.10
0.33
0.43
0.09
0.06
0.05
0.19
0.05
0.00
50-54
0.05
0.06
0.07
0.13
0.18
0.17
0.21
0.13
0.11
0.28
0.50
0.17
0.01
0.00
0.09
0.08
55-59
0.05
0.00
0.05
0.05
0.11
0.16
0.35
0.30
0.15
0.14
0.17
0.55
0.14
0.04
0.05
0.09
60-64
0.02
0.06
0.04
0.00
0.02
0.11
0.16
0.12
0.05
0.03
0.03
0.29
0.36
0.18
0.00
0.05
65-69
0.00
0.00
0.04
0.04
0.00
0.00
0.10
0.16
0.19
0.03
0.00
0.00
0.30
0.34
0.15
0.00
70-74
0.02
0.07
0.08
0.03
0.08
0.10
0.21
0.14
0.13
0.29
0.06
0.14
0.03
0.30
0.24
0.04
75+
0.06
0.02
0.00
0.11
0.06
0.22
0.12
0.06
0.11
0.35
0.56
0.42
0.10
0.03
0.22
0.04