0-4
1.93
1.92
0.00
0.00
0.48
0.49
1.02
1.03
0.15
0.15
0.18
0.19
0.13
0.13
0.02
0.05
5-9
5.42
5.50
0.10
0.10
0.59
0.58
1.27
1.30
0.27
0.27
0.18
0.20
0.08
0.09
0.02
0.05
10-14
0.02
0.02
10.85
10.85
0.62
0.65
1.11
1.09
1.13
1.17
0.15
0.15
0.00
0.00
0.00
0.00
15-19
0.01
0.01
3.30
3.34
0.95
0.96
0.52
0.55
0.94
0.91
0.35
0.34
0.07
0.08
0.00
0.00
20-24
0.18
0.18
0.64
0.63
2.42
2.39
0.91
0.91
0.61
0.59
0.14
0.13
0.02
0.02
0.01
0.02
25-29
0.13
0.13
0.01
0.01
1.77
1.83
1.05
1.04
0.46
0.46
0.34
0.35
0.03
0.04
0.00
0.00
30-34
0.65
0.63
0.56
0.56
1.01
1.02
2.34
2.34
0.51
0.49
0.41
0.41
0.30
0.33
0.01
0.03
35-39
0.35
0.35
0.07
0.07
0.69
0.70
1.51
1.49
0.41
0.40
0.18
0.17
0.23
0.24
0.02
0.08
40-44
0.37
0.36
0.49
0.49
0.82
0.82
1.68
1.68
1.75
1.73
0.37
0.37
0.31
0.32
0.03
0.11
45-49
0.12
0.12
0.19
0.20
1.15
1.12
0.50
0.48
1.38
1.38
0.14
0.15
0.28
0.28
0.27
0.91
50-54
0.07
0.06
0.08
0.10
0.63
0.61
0.77
0.75
0.89
0.87
0.91
0.96
0.14
0.13
0.06
0.21
55-59
0.02
0.02
0.11
0.11
1.14
1.14
1.00
0.98
1.11
1.09
1.30
1.30
0.15
0.16
0.03
0.10
60-64
0.04
0.04
0.04
0.03
0.28
0.28
0.52
0.51
0.64
0.64
0.71
0.71
0.91
0.91
0.03
0.10
65-69
0.00
0.00
0.05
0.05
0.10
0.09
0.77
0.77
0.57
0.57
0.42
0.40
1.38
1.36
0.03
0.10
70-74
0.05
0.05
0.06
0.06
0.11
0.10
0.33
0.34
0.76
0.73
0.23
0.23
0.42
0.44
0.17
0.59
75+
0.03
0.03
0.04
0.04
0.19
0.20
0.30
0.31
0.56
0.55
0.54
0.54
0.46
0.49
0.21
0.68