0-4 0.00 0.00 0.00 0.00 0.00 0.29 0.55 1.01 0.14 0.00 0.14 0.00 0.00 0.00
5-9 0.04 0.00 0.00 0.00 0.00 0.26 0.51 0.75 0.11 0.08 0.00 0.00 0.00 0.00
10-14 0.00 0.00 0.00 0.00 0.14 0.05 0.38 0.47 0.34 0.54 0.09 0.00 0.00 0.09
15-19 0.12 0.06 0.19 0.18 0.25 0.43 0.11 0.20 0.72 0.52 0.43 0.23 0.09 0.46
20-24 0.02 0.02 0.06 0.04 0.08 0.09 0.05 0.09 0.25 0.32 0.42 0.26 0.13 0.18
25-29 0.05 0.06 0.00 0.03 0.09 0.22 0.11 0.08 0.08 0.07 0.35 0.27 0.04 0.06
30-34 0.18 0.20 0.05 0.01 0.08 0.12 0.57 0.28 0.16 0.07 0.10 0.17 0.25 0.19
35-39 0.15 0.26 0.19 0.08 0.05 0.10 0.15 0.43 0.35 0.11 0.04 0.03 0.31 0.28
40-44 0.16 0.23 0.31 0.24 0.11 0.08 0.15 0.23 0.54 0.34 0.14 0.09 0.21 0.66
45-49 0.00 0.00 0.28 0.29 0.23 0.12 0.11 0.17 0.25 0.39 0.33 0.14 0.00 0.10
50-54 0.02 0.03 0.07 0.05 0.24 0.36 0.07 0.06 0.00 0.10 0.43 0.19 0.22 0.12
55-59 0.03 0.04 0.00 0.00 0.16 0.08 0.22 0.00 0.23 0.08 0.16 0.26 0.35 0.15
60-64 0.02 0.06 0.02 0.03 0.06 0.08 0.21 0.12 0.13 0.00 0.02 0.10 0.40 0.38
65+ 0.00 0.04 0.01 0.05 0.00 0.05 0.10 0.09 0.06 0.00 0.00 0.05 0.28 0.58