0-4
0.03
0.02
0.00
0.00
0.02
0.66
0.71
0.46
0.06
0.02
0.15
0.15
0.21
0.16
0.12
0.02
5-9
0.00
0.02
0.00
0.02
0.01
0.11
0.60
0.76
0.28
0.04
0.08
0.14
0.07
0.12
0.03
0.02
10-14
0.05
0.00
0.02
0.00
0.00
0.05
0.08
0.70
0.48
0.19
0.21
0.05
0.05
0.18
0.00
0.04
15-19
0.00
0.01
0.01
0.08
0.07
0.07
0.10
0.21
0.33
0.53
0.47
0.19
0.08
0.05
0.08
0.02
20-24
0.07
0.00
0.00
0.16
0.16
0.19
0.13
0.10
0.33
0.69
0.50
0.29
0.00
0.00
0.00
0.10
25-29
0.28
0.10
0.02
0.04
0.30
0.67
0.57
0.51
0.16
0.13
0.18
0.24
0.20
0.08
0.00
0.00
30-34
0.40
0.14
0.08
0.00
0.13
0.45
0.75
0.39
0.07
0.06
0.11
0.06
0.21
0.10
0.00
0.00
35-39
0.17
0.29
0.28
0.06
0.17
0.18
1.23
1.29
0.13
0.00
0.12
0.13
0.05
0.13
0.08
0.01
40-44
0.10
0.18
0.28
0.11
0.10
0.20
0.27
0.45
0.43
0.28
0.06
0.05
0.09
0.18
0.04
0.05
45-49
0.00
0.06
0.23
0.34
0.27
0.12
0.23
0.27
0.24
0.53
0.45
0.42
0.05
0.16
0.35
0.91
50-54
0.02
0.02
0.03
0.23
0.32
0.23
0.23
0.17
0.32
0.50
0.57
0.22
0.03
0.01
0.07
0.28
55-59
0.03
0.04
0.04
0.00
0.11
0.21
0.36
0.02
0.16
0.03
0.18
0.34
0.47
0.05
0.00
0.00
60-64
0.05
0.04
0.00
0.01
0.01
0.15
0.25
0.14
0.03
0.01
0.05
0.28
0.50
0.18
0.00
0.09
65-69
0.09
0.03
0.03
0.00
0.00
0.00
0.21
0.31
0.05
0.06
0.00
0.10
0.43
0.40
0.03
0.00
70-74
0.07
0.07
0.07
0.09
0.05
0.03
0.15
0.47
0.39
0.26
0.12
0.03
0.05
0.15
0.26
0.04
75+
0.00
0.10
0.05
0.05
0.09
0.23
0.02
0.16
0.24
0.36
0.38
0.29
0.04
0.00
0.05
0.08