0-4
0.00
0.00
0.00
0.00
0.00
0.77
0.45
0.31
0.25
0.07
0.17
0.39
0.08
0.06
0.00
0.00
5-9
0.00
0.03
0.06
0.06
0.03
0.11
0.43
0.61
0.45
0.11
0.19
0.10
0.11
0.06
0.07
0.07
10-14
0.00
0.00
0.00
0.03
0.06
0.05
0.10
0.71
0.62
0.27
0.13
0.06
0.03
0.16
0.12
0.00
15-19
0.00
0.04
0.06
0.09
0.26
0.20
0.22
0.25
0.46
0.46
0.42
0.13
0.00
0.00
0.01
0.07
20-24
0.02
0.00
0.04
0.07
0.18
0.07
0.00
0.02
0.25
0.60
0.32
0.07
0.04
0.02
0.02
0.05
25-29
0.10
0.10
0.00
0.02
0.08
0.36
0.11
0.05
0.12
0.13
0.19
0.39
0.01
0.02
0.03
0.00
30-34
0.12
0.18
0.07
0.00
0.10
0.09
0.38
0.09
0.08
0.04
0.10
0.32
0.06
0.07
0.05
0.00
35-39
0.02
0.32
0.26
0.03
0.00
0.02
0.13
0.44
0.18
0.00
0.03
0.16
0.17
0.11
0.05
0.04
40-44
0.06
0.21
0.27
0.17
0.17
0.24
0.08
0.25
0.38
0.12
0.02
0.01
0.05
0.09
0.10
0.02
45-49
0.00
0.00
0.16
0.36
0.28
0.15
0.04
0.09
0.20
0.43
0.21
0.00
0.00
0.00
0.15
0.00
50-54
0.04
0.12
0.03
0.10
0.20
0.25
0.11
0.06
0.08
0.08
0.51
0.14
0.03
0.03
0.06
0.14
55-59
0.07
0.04
0.04
0.00
0.19
0.04
0.22
0.04
0.08
0.04
0.04
0.58
0.23
0.00
0.00
0.08
60-64
0.06
0.06
0.04
0.04
0.09
0.05
0.27
0.15
0.09
0.06
0.10
0.17
0.58
0.10
0.00
0.10
65-69
0.06
0.17
0.00
0.05
0.00
0.00
0.06
0.04
0.26
0.00
0.00
0.00
0.35
0.41
0.10
0.00
70-74
0.02
0.06
0.08
0.13
0.21
0.15
0.10
0.20
0.33
0.37
0.24
0.07
0.00
0.14
0.16
0.10
75+
0.04
0.03
0.07
0.16
0.21
0.40
0.09
0.09
0.27
0.40
0.73
0.20
0.11
0.02
0.29
0.24