0-4
0.80
0.78
0.00
0.00
0.31
0.35
0.52
0.53
0.19
0.19
0.25
0.24
0.08
0.08
0.00
0.00
5-9
3.69
3.71
0.33
0.32
0.41
0.39
1.33
1.34
0.49
0.47
0.18
0.19
0.13
0.12
0.02
0.06
10-14
0.00
0.00
4.17
4.21
0.19
0.19
1.46
1.42
0.68
0.71
0.09
0.09
0.07
0.09
0.02
0.06
15-19
0.01
0.01
2.73
2.68
0.59
0.58
0.59
0.59
0.57
0.56
0.29
0.30
0.00
0.00
0.02
0.04
20-24
0.21
0.21
0.22
0.22
2.32
2.33
0.37
0.36
0.50
0.51
0.18
0.17
0.02
0.02
0.02
0.06
25-29
0.45
0.45
0.03
0.03
2.08
2.09
1.12
1.13
0.27
0.27
0.45
0.43
0.00
0.00
0.00
0.00
30-34
0.27
0.28
0.08
0.08
1.14
1.14
1.46
1.46
0.52
0.53
0.38
0.37
0.09
0.09
0.02
0.06
35-39
0.19
0.18
0.18
0.18
0.59
0.59
1.45
1.44
0.67
0.68
0.14
0.14
0.24
0.26
0.02
0.08
40-44
0.14
0.15
0.26
0.26
0.67
0.66
1.46
1.46
1.16
1.13
0.28
0.29
0.06
0.07
0.03
0.09
45-49
0.00
0.00
0.23
0.25
1.24
1.25
1.87
1.86
2.30
2.31
0.76
0.76
0.24
0.24
0.07
0.22
50-54
0.07
0.08
0.09
0.10
0.93
0.92
1.00
1.00
0.92
0.90
1.06
1.07
0.05
0.05
0.05
0.16
55-59
0.06
0.06
0.03
0.03
0.76
0.71
0.37
0.41
0.35
0.30
0.78
0.78
0.17
0.17
0.02
0.07
60-64
0.07
0.06
0.06
0.04
0.20
0.20
0.41
0.41
0.34
0.33
0.29
0.29
0.73
0.70
0.03
0.11
65-69
0.09
0.07
0.03
0.02
0.49
0.48
0.42
0.38
0.40
0.38
0.09
0.13
1.01
0.93
0.07
0.16
70-74
0.06
0.05
0.10
0.11
0.24
0.20
0.37
0.37
0.62
0.61
0.23
0.29
0.32
0.31
0.27
0.95
75+
0.02
0.02
0.13
0.09
0.33
0.36
0.30
0.25
0.58
0.55
0.49
0.50
0.32
0.35
0.36
1.00