0-4
0.00
0.00
0.00
0.00
0.00
0.63
0.47
0.44
0.14
0.12
0.08
0.23
0.11
0.10
0.00
0.00
5-9
0.00
0.13
0.05
0.06
0.03
0.14
0.46
0.60
0.47
0.10
0.16
0.05
0.12
0.04
0.07
0.05
10-14
0.00
0.00
0.05
0.02
0.05
0.10
0.19
0.74
0.60
0.20
0.20
0.07
0.02
0.08
0.10
0.00
15-19
0.00
0.06
0.02
0.07
0.13
0.12
0.24
0.23
0.37
0.43
0.38
0.08
0.00
0.00
0.02
0.04
20-24
0.02
0.00
0.02
0.04
0.68
0.51
0.12
0.14
0.24
0.41
0.17
0.02
0.05
0.02
0.02
0.04
25-29
0.51
0.15
0.01
0.02
0.36
1.05
0.60
0.26
0.10
0.15
0.18
0.40
0.00
0.01
0.00
0.00
30-34
0.10
0.21
0.09
0.00
0.18
0.32
0.71
0.22
0.23
0.07
0.08
0.27
0.03
0.03
0.06
0.00
35-39
0.02
0.36
0.24
0.00
0.20
0.12
0.55
0.87
0.28
0.11
0.02
0.00
0.02
0.09
0.04
0.05
40-44
0.05
0.21
0.28
0.17
0.16
0.18
0.18
0.42
0.48
0.20
0.05
0.00
0.07
0.11
0.11
0.01
45-49
0.00
0.00
0.15
0.40
0.50
0.42
0.43
0.46
0.32
0.50
0.23
0.00
0.00
0.00
0.07
0.00
50-54
0.02
0.10
0.02
0.08
0.24
0.23
0.57
0.19
0.26
0.21
0.51
0.14
0.04
0.01
0.05
0.13
55-59
0.09
0.04
0.00
0.00
0.20
0.03
0.24
0.07
0.13
0.13
0.14
0.57
0.22
0.03
0.00
0.15
60-64
0.05
0.06
0.04
0.05
0.05
0.09
0.21
0.11
0.12
0.03
0.05
0.21
0.67
0.13
0.01
0.12
65-69
0.07
0.11
0.00
0.08
0.00
0.00
0.00
0.02
0.21
0.00
0.00
0.00
0.37
0.39
0.09
0.00
70-74
0.02
0.08
0.10
0.13
0.21
0.16
0.05
0.17
0.42
0.38
0.14
0.04
0.00
0.15
0.24
0.09
75+
0.02
0.03
0.04
0.17
0.22
0.32
0.05
0.06
0.31
0.32
0.70
0.21
0.10
0.00
0.14
0.27