0-4 0.00 0.11 0.00 0.00 0.00 0.00 1.11 0.44 0.23 0.00 0.00 0.00 0.21 0.11
5-9 0.00 0.00 0.00 0.00 0.06 0.05 0.45 0.87 0.20 0.10 0.07 0.09 0.22 0.09
10-14 0.00 0.00 0.00 0.04 0.00 0.00 0.03 0.78 0.59 0.32 0.16 0.03 0.00 0.07
15-19 0.00 0.00 0.00 0.00 0.00 0.00 0.00 0.43 0.47 0.72 0.15 0.00 0.05 0.20
20-24 0.04 0.02 0.01 0.05 0.13 0.05 0.06 0.02 0.19 0.43 0.42 0.21 0.11 0.10
25-29 0.24 0.16 0.03 0.04 0.10 0.31 0.25 0.10 0.10 0.04 0.36 0.21 0.10 0.03
30-34 0.29 0.38 0.16 0.01 0.00 0.07 0.39 0.24 0.10 0.02 0.06 0.11 0.28 0.19
35-39 0.14 0.30 0.29 0.06 0.00 0.02 0.22 0.31 0.28 0.04 0.03 0.04 0.17 0.19
40-44 0.05 0.07 0.32 0.27 0.08 0.01 0.02 0.11 0.40 0.27 0.07 0.02 0.05 0.30
45-49 0.00 0.08 0.03 0.24 0.27 0.16 0.02 0.08 0.17 0.37 0.28 0.09 0.02 0.41
50-54 0.04 0.01 0.03 0.03 0.24 0.23 0.09 0.05 0.03 0.13 0.32 0.25 0.05 0.21
55-59 0.26 0.00 0.05 0.00 0.11 0.20 0.16 0.05 0.20 0.00 0.15 0.31 0.10 0.36
60-64 0.06 0.10 0.01 0.01 0.05 0.01 0.08 0.08 0.02 0.06 0.08 0.14 0.53 0.23
65+ 0.00 0.06 0.06 0.00 0.00 0.00 0.12 0.12 0.06 0.06 0.06 0.06 0.23 0.47