0-4
0.00
0.00
0.04
0.00
0.02
0.84
0.57
0.31
0.07
0.00
0.21
0.15
0.18
0.02
0.10
0.11
5-9
0.07
0.20
0.00
0.00
0.02
0.24
0.65
0.78
0.16
0.05
0.06
0.23
0.16
0.16
0.11
0.06
10-14
0.03
0.03
0.00
0.01
0.01
0.00
0.20
0.71
0.72
0.16
0.03
0.01
0.14
0.10
0.09
0.03
15-19
0.00
0.00
0.00
0.21
0.03
0.00
0.00
0.11
0.55
1.17
0.20
0.04
0.03
0.03
0.10
0.20
20-24
0.11
0.06
0.00
0.05
1.29
0.40
0.22
0.21
0.32
1.00
0.25
0.17
0.10
0.06
0.00
0.17
25-29
0.45
0.15
0.04
0.04
0.24
0.97
0.68
0.34
0.26
0.23
0.29
0.29
0.21
0.08
0.08
0.11
30-34
0.29
0.43
0.09
0.00
0.22
0.68
0.71
0.67
0.32
0.25
0.16
0.31
0.28
0.09
0.00
0.04
35-39
0.14
0.32
0.47
0.03
0.47
0.53
0.69
1.11
0.64
0.32
0.11
0.07
0.16
0.14
0.09
0.04
40-44
0.08
0.10
0.48
0.25
0.25
0.27
0.26
0.57
0.63
0.64
0.30
0.20
0.04
0.13
0.11
0.17
45-49
0.03
0.02
0.16
0.35
0.37
0.17
0.17
0.24
0.52
0.90
0.39
0.12
0.04
0.06
0.07
0.21
50-54
0.08
0.01
0.01
0.07
0.42
0.46
0.27
0.31
0.27
0.41
0.61
0.22
0.03
0.02
0.01
0.40
55-59
0.00
0.17
0.00
0.00
0.00
0.21
0.22
0.01
0.27
0.22
0.22
0.71
0.13
0.08
0.03
0.29
60-64
0.07
0.04
0.04
0.02
0.00
0.12
0.25
0.12
0.09
0.09
0.05
0.18
0.58
0.22
0.01
0.14
65-69
0.00
0.11
0.13
0.00
0.00
0.05
0.11
0.00
0.24
0.04
0.00
0.04
0.42
0.41
0.00
0.13
70-74
0.07
0.12
0.21
0.17
0.03
0.20
0.16
0.40
0.62
0.30
0.15
0.05
0.00
0.18
0.22
0.00
75+
0.06
0.06
0.02
0.06
0.25
0.18
0.04
0.04
0.09
0.46
0.58
0.28
0.23
0.11
0.02
0.23